   Tempo_min  X_1cm       X_5cm       X_10cm      T_1cm       T_5cm       T_10cm 
   0.          0.45        0.45        0.45        20.8        20.8        20.8     
   0.0000167   0.45        0.45        0.45        20.8        20.8        20.8     
   0.33335     0.4492555   0.4514429   0.451442    24.292863   22.071141   22.070016
   0.6666833   0.4439086   0.4515102   0.451514    27.329363   22.136212   22.133341
   1.0000167   0.4370584   0.4515005   0.4515199   29.688525   22.146445   22.138528
   1.33335     0.4295464   0.4514687   0.4515208   31.293335   22.153689   22.139375
   1.6666833   0.4217387   0.4514172   0.4515212   32.351884   22.1607     22.139712
   2.0000167   0.4138175   0.4513469   0.4515214   33.08446    22.167272   22.139892
   2.33335     0.405875    0.4512594   0.4515215   33.64288    22.173328   22.139989
   2.6666833   0.3979572   0.4511563   0.4515215   34.114921   22.179013   22.14004 
   3.0000167   0.3900869   0.4510385   0.4515215   34.546523   22.184562   22.140066
   3.33335     0.3822759   0.4509064   0.4515215   34.960165   22.190199   22.140079
   3.6666833   0.3745308   0.4507597   0.4515215   35.366272   22.196101   22.140086
   4.0000167   0.3668559   0.4505977   0.4515214   35.769423   22.202399   22.140089
   4.33335     0.3592541   0.4504194   0.4515214   36.17149    22.20919    22.140092
   4.6666833   0.3517282   0.4502236   0.4515213   36.573127   22.216552   22.140094
   5.0000167   0.3442804   0.450009    0.4515212   36.97446    22.224552   22.140095
   5.33335     0.3369128   0.449774    0.4515211   37.375395   22.233258   22.140097
   5.6666833   0.3296274   0.449517    0.451521    37.775748   22.242735   22.1401  
   6.0000167   0.3224262   0.4492363   0.4515209   38.175303   22.253055   22.140103
   6.33335     0.3153107   0.4489297   0.4515208   38.573837   22.264292   22.140106
   6.6666833   0.3082827   0.4485954   0.4515207   38.971126   22.276529   22.14011 
   7.0000167   0.3013437   0.4482311   0.4515205   39.366952   22.289853   22.140114
   7.33335     0.2944953   0.4478344   0.4515204   39.7611     22.30436    22.140119
   7.6666833   0.2877386   0.4474028   0.4515202   40.153365   22.320155   22.140124
   8.0000167   0.281075    0.4469335   0.45152     40.543545   22.337348   22.14013 
   8.33335     0.2745057   0.4464237   0.4515198   40.931445   22.356063   22.140137
   8.6666833   0.2680317   0.4458702   0.4515196   41.316879   22.37643    22.140144
   9.0000167   0.2616539   0.4452699   0.4515193   41.699663   22.398593   22.140153
   9.33335     0.2553732   0.4446194   0.451519    42.079622   22.422703   22.140163
   9.6666833   0.2491905   0.4439149   0.4515187   42.456588   22.448928   22.140173
   10.         0.2491905   0.4439149   0.4515187   42.456588   22.448928   22.140173
   10.333333   0.244356    0.4436885   0.4444318   30.08967    22.185878   35.205651
   10.666667   0.2422108   0.4436953   0.4344585   24.683845   22.178095   40.435108
   11.         0.2421215   0.4437      0.4237686   23.734219   22.183705   42.751827
   11.333333   0.2424828   0.4436875   0.4129277   23.650142   22.190631   43.874293
   11.666667   0.2428825   0.4436557   0.4021595   23.640557   22.197599   44.509615
   12.         0.2432839   0.4436052   0.3915518   23.636219   22.204141   44.947479
   12.333333   0.2436844   0.4435378   0.3811381   23.632185   22.210168   45.305247
   12.666667   0.2440837   0.4434548   0.3709302   23.628143   22.215832   45.629893
   13.         0.2444819   0.4433572   0.3609317   23.624093   22.221371   45.939975
   13.333333   0.244879    0.4432452   0.3511426   23.620047   22.22701    46.242703
   13.666667   0.245275    0.4431187   0.3415616   23.616011   22.232927   46.540815
   14.         0.2456699   0.4429769   0.3321871   23.611992   22.239251   46.835302
   14.333333   0.2460638   0.4428187   0.323017    23.60799    22.246079   47.126486
   14.666667   0.2464566   0.4426431   0.3140493   23.604009   22.253491   47.414435
   15.         0.2468483   0.4424486   0.3052819   23.600048   22.261555   47.699121
   15.333333   0.247239    0.4422337   0.2967124   23.596107   22.270338   47.980487
   15.666667   0.2476285   0.4419968   0.2883386   23.592189   22.279907   48.258462
   16.         0.248017    0.4417361   0.2801582   23.588292   22.290336   48.532976
   16.333333   0.2484045   0.4414496   0.2721687   23.584417   22.3017     48.803962
   16.666667   0.2487908   0.4411354   0.2643676   23.580566   22.314083   49.071352
   17.         0.249176    0.4407911   0.2567526   23.576737   22.327574   49.335086
   17.333333   0.2495602   0.4404144   0.249321    23.572933   22.342272   49.595104
   17.666667   0.2499432   0.4400028   0.2420703   23.569152   22.358282   49.851353
   18.         0.2503252   0.4395536   0.2349978   23.565397   22.375718   50.103783
   18.333333   0.250706    0.4390639   0.228101    23.561668   22.394705   50.352346
   18.666667   0.2510857   0.4385306   0.2213771   23.557965   22.415376   50.597   
   19.         0.2514643   0.4379505   0.2148234   23.554289   22.437878   50.837708
   19.333333   0.2518418   0.4373202   0.2084372   23.550642   22.462365   51.074435
   19.666667   0.252218    0.436636    0.2022157   23.547025   22.489008   51.307152
   20.         0.2525931   0.4358942   0.1961562   23.543438   22.517987   51.535833
   20.         0.2525931   0.4358942   0.1961562   23.543438   22.517987   51.535833
   20.333333   0.2507267   0.4355844   0.1913427   30.011894   22.272841   36.572935
   20.666667   0.2462498   0.4354474   0.1886002   36.717303   22.286387   27.692801
   21.         0.2408723   0.4352309   0.1879151   40.565462   22.330409   24.819735
   21.333333   0.2351683   0.434875    0.1882161   42.472167   22.39278    24.409929
   21.666667   0.229394    0.4343497   0.1886714   43.445556   22.464172   24.365478
   22.         0.2236571   0.4336529   0.1891399   44.031153   22.535583   24.356081
   22.333333   0.2179992   0.4328005   0.1896079   44.467272   22.60203    24.349691
   22.666667   0.2124356   0.4318135   0.1900744   44.847286   22.66294    24.343524
   23.         0.2069713   0.4307092   0.1905391   45.205329   22.720317   24.337365
   23.333333   0.2016081   0.4294982   0.1910023   45.55324    22.776816   24.331214
   23.666667   0.1963465   0.428185    0.1914638   45.894932   22.834712   24.325085
   24.         0.1911865   0.42677     0.1919236   46.231614   22.895641   24.318989
   24.333333   0.1861279   0.4252512   0.1923819   46.563605   22.960715   24.312934
   24.666667   0.1811704   0.4236253   0.1928385   46.890945   23.030712   24.306925
   25.         0.1763138   0.4218884   0.1932935   47.213591   23.106223   24.300965
   25.333333   0.1715575   0.4200365   0.1937468   47.531479   23.187749   24.295056
   25.666667   0.1669011   0.4180657   0.1941985   47.844542   23.275753   24.289203
   26.         0.162344    0.4159725   0.1946486   48.152717   23.370689   24.283405
   26.333333   0.1578855   0.4137535   0.1950969   48.455948   23.473008   24.277666
   26.666667   0.1535249   0.4114059   0.1955436   48.754184   23.583168   24.271988
   27.         0.1492615   0.4089273   0.1959885   49.04738    23.701631   24.266374
   27.333333   0.1450945   0.4063159   0.1964317   49.335499   23.828862   24.260826
   27.666667   0.1410228   0.4035706   0.1968731   49.618509   23.965324   24.255348
   28.         0.1370457   0.4006908   0.1973127   49.896382   24.111476   24.249943
   28.333333   0.1331622   0.3976764   0.1977505   50.1691     24.267767   24.244614
   28.666667   0.1293711   0.3945283   0.1981864   50.436647   24.434626   24.239366
   29.         0.1256714   0.3912479   0.1986204   50.699015   24.612463   24.234203
   29.333333   0.122062    0.3878372   0.1990523   50.956201   24.801655   24.22913 
   29.666667   0.1185418   0.3842991   0.1994823   51.208207   25.002542   24.224153
   30.         0.1151094   0.3806369   0.1999102   51.45504    25.215417   24.219278
   30.         0.1151094   0.3806369   0.1999102   51.45504    25.215417   24.219278
   30.333333   0.1123579   0.3788414   0.1962695   38.447327   22.799904   43.857523
   30.666667   0.1108753   0.3786822   0.190952    29.704584   22.617509   49.553403
   31.         0.1107282   0.3785884   0.185352    26.421087   22.661661   51.337697
   31.333333   0.1113015   0.3783523   0.1797832   25.815237   22.741009   51.995144
   31.666667   0.112018    0.377933    0.1743318   25.729426   22.83345    52.330488
   32.         0.1127477   0.3773278   0.1690197   25.708972   22.926389   52.572923
   32.333333   0.1134742   0.3765549   0.1638506   25.695851   23.012886   52.786796
   32.666667   0.1141955   0.375638    0.1588235   25.683538   23.091904   52.989923
   33.         0.1149117   0.3745968   0.1539359   25.671311   23.165951   53.187174
   33.333333   0.1156228   0.3734439   0.1491852   25.659129   23.238501   53.37987 
   33.666667   0.1163289   0.3721852   0.1445686   25.647054   23.312563   53.568372
   34.         0.11703     0.3708221   0.1400832   25.635163   23.390304   53.752787
   34.333333   0.117726    0.3693535   0.1357262   25.62352    23.473179   53.933161
   34.666667   0.118417    0.367777    0.1314948   25.612178   23.562177   54.109521
   35.         0.1191029   0.3660895   0.1273863   25.601172   23.658026   54.281898
   35.333333   0.1197835   0.3642883   0.1233978   25.590537   23.761318   54.450321
   35.666667   0.1204587   0.3623705   0.1195267   25.580298   23.87258    54.614823
   36.         0.1211284   0.3603337   0.1157701   25.570485   23.992312   54.77544 
   36.333333   0.1217925   0.358176    0.1121255   25.561126   24.120998   54.932209
   36.666667   0.1224506   0.355896    0.1085901   25.552251   24.259108   55.085173
   37.         0.1231027   0.3534928   0.1051612   25.543896   24.407106   55.234374
   37.333333   0.1237485   0.3509663   0.1018363   25.536096   24.565436   55.379856
   37.666667   0.1243877   0.3483167   0.0986129   25.528892   24.734521   55.521669
   38.         0.1250201   0.3455451   0.0954882   25.522329   24.914756   55.65986 
   38.333333   0.1256454   0.3426532   0.0924598   25.516454   25.106501   55.79448 
   38.666667   0.1262632   0.3396431   0.0895253   25.511321   25.310073   55.925583
   39.         0.1268731   0.3365177   0.0866822   25.506989   25.525738   56.053223
   39.333333   0.1274748   0.3332804   0.083928    25.503521   25.753704   56.177454
   39.666667   0.1280677   0.3299352   0.0812605   25.500988   25.994116   56.298334
   40.         0.1286515   0.3264864   0.0786772   25.499466   26.247051   56.41592 
   40.         0.1286515   0.3264864   0.0786772   25.499466   26.247051   56.41592 
   40.333333   0.1275525   0.3244886   0.0765605   36.793468   23.567192   44.198585
   40.666667   0.1247397   0.3238399   0.0752941   45.702001   23.404087   34.181889
   41.         0.1214295   0.3229666   0.0749725   49.367552   23.776906   28.80567 
   41.333333   0.1180115   0.3214394   0.0754188   50.708922   24.394359   27.252719
   41.666667   0.1146223   0.319209    0.0761316   51.269679   25.121499   26.969954
   42.         0.1113032   0.3164024   0.0768852   51.596852   25.826003   26.9227  
   42.333333   0.1080645   0.3131878   0.077635    51.856455   26.432779   26.91221 
   42.666667   0.1049081   0.3097032   0.0783738   52.094728   26.93333    26.9079  
   43.         0.1018334   0.3060407   0.0791005   52.323854   27.355068   26.904544
   43.333333   0.0988394   0.3022554   0.0798154   52.546928   27.731246   26.900975
   43.666667   0.0959247   0.2983787   0.0805187   52.764733   28.087098   26.897142
   44.         0.0930879   0.2944286   0.0812107   52.977483   28.437925   26.893452
   44.333333   0.0903278   0.2904166   0.0818914   53.185262   28.791702   26.890431
   44.666667   0.0876428   0.2863505   0.0825606   53.388124   29.152049   26.888557
   45.         0.0850317   0.282237    0.083218    53.58612    29.520302   26.888206
   45.333333   0.0824929   0.2780819   0.083863    53.779303   29.896693   26.889669
   45.666667   0.0800251   0.2738908   0.0844951   53.967728   30.280954   26.893186
   46.         0.0776269   0.2696689   0.0851135   54.151453   30.672595   26.898968
   46.333333   0.0752967   0.2654213   0.0857175   54.330539   31.071039   26.907219
   46.666667   0.0730333   0.2611527   0.0863062   54.505047   31.475677   26.918148
   47.         0.0708352   0.2568679   0.0868788   54.675045   31.885891   26.931973
   47.333333   0.0687009   0.2525713   0.0874342   54.840598   32.301072   26.948928
   47.666667   0.066629    0.2482671   0.0879714   55.001776   32.720623   26.969258
   48.         0.0646182   0.2439596   0.0884892   55.15865    33.143966   26.99323 
   48.333333   0.0626669   0.2396524   0.0889866   55.311291   33.570539   27.021125
   48.666667   0.0607739   0.2353495   0.0894622   55.459773   33.999803   27.053242
   49.         0.0589377   0.2310543   0.0899147   55.604172   34.431241   27.089897
   49.333333   0.057157    0.2267702   0.0903427   55.744561   34.864356   27.131426
   49.666667   0.0554304   0.2225003   0.0907447   55.881018   35.298676   27.178179
   50.         0.0537565   0.2182479   0.0911194   56.01362    35.733748   27.230523
   50.         0.0537565   0.2182479   0.0911194   56.01362    35.733748   27.230523
   50.333333   0.0523643   0.2149921   0.089347    45.906377   27.949097   50.063438
   50.666667   0.0515359   0.213509    0.0867103   36.546285   25.513559   54.84642 
   51.         0.0513702   0.2125509   0.0839954   30.792109   25.770543   55.929664
   51.333333   0.0518036   0.2111338   0.0813336   28.725932   26.881688   56.245893
   51.666667   0.05249     0.2091321   0.0787495   28.321464   28.197966   56.402873
   52.         0.0531993   0.206693    0.0762462   28.368441   29.386191   56.525135
   52.333333   0.0538618   0.2039779   0.0738224   28.529176   30.322664   56.637938
   52.666667   0.0544625   0.2011016   0.0714762   28.715844   31.031933   56.746384
   53.         0.0550023   0.1981338   0.0692054   28.897132   31.590316   56.851531
   53.333333   0.0554872   0.1951128   0.0670078   29.062529   32.066224   56.953634
   53.666667   0.0559237   0.192059    0.0648815   29.213167   32.50361    57.052793
   54.         0.0563168   0.1889833   0.0628243   29.355291   32.925921   57.149077
   54.333333   0.0566695   0.1858925   0.0608342   29.495664   33.3441     57.242548
   54.666667   0.0569832   0.1827909   0.0589094   29.639513   33.762652   57.333268
   55.         0.0572584   0.1796824   0.0570478   29.790224   34.183121   57.421299
   55.333333   0.057495    0.1765702   0.0552476   29.949773   34.605796   57.506702
   55.666667   0.0576928   0.1734572   0.053507    30.119239   35.030475   57.589538
   56.         0.0578516   0.1703464   0.0518242   30.299189   35.456779   57.669868
   56.333333   0.0579712   0.1672404   0.0501975   30.489907   35.88428    57.747752
   56.666667   0.0580516   0.1641419   0.0486251   30.691518   36.312543   57.823249
   57.         0.0580929   0.1610534   0.0471053   30.904043   36.741143   57.89642 
   57.333333   0.0580952   0.157977    0.0456366   31.127436   37.169674   57.967323
   57.666667   0.058059    0.1549151   0.0442174   31.361585   37.597746   58.036015
   58.         0.0579848   0.1518698   0.0428461   31.606329   38.024987   58.102555
   58.333333   0.0578732   0.1488431   0.0415213   31.861454   38.451044   58.166998
   58.666667   0.057725    0.1458369   0.0402414   32.126703   38.875578   58.229401
   59.         0.0575411   0.142853    0.0390051   32.401775   39.298271   58.289818
   59.333333   0.0573224   0.1398932   0.0378109   32.68633    39.718818   58.348303
   59.666667   0.0570701   0.1369589   0.0366576   32.979995   40.13693    58.404911
   60.         0.0567852   0.1340519   0.0355437   33.282364   40.552333   58.459692
   60.         0.0567852   0.1340519   0.0355437   33.282364   40.552333   58.459692
   60.333333   0.0560531   0.1316358   0.0345887   44.848913   33.766715   50.855914
   60.666667   0.0546673   0.1298953   0.0339507   52.656038   31.77659    42.71007 
   61.         0.053102    0.1281724   0.0336741   55.104084   33.593838   36.384701
   61.333333   0.0515266   0.1260889   0.033757    55.802624   36.699948   32.998417
   61.666667   0.0499864   0.1236924   0.0340619   56.057424   39.353105   32.015508
   62.         0.0484907   0.1211209   0.0343935   56.209829   41.096875   32.309105
   62.333333   0.0470408   0.1184793   0.0346428   56.337927   42.146795   33.114692
   62.666667   0.0456358   0.1158271   0.0347868   56.458322   42.814991   34.019165
   63.         0.0442747   0.1131925   0.0348406   56.574421   43.308326   34.821491
   63.333333   0.0429562   0.1105874   0.0348273   56.68695    43.729622   35.465414
   63.666667   0.0416794   0.1080169   0.0347661   56.796107   44.122025   35.974909
   64.         0.0404429   0.1054829   0.0346697   56.901992   44.501603   36.397456
   64.333333   0.0392458   0.1029867   0.0345455   57.004688   44.873789   36.773542
   64.666667   0.0380869   0.100529    0.0343977   57.10427    45.240243   37.128853
   65.         0.0369652   0.0981102   0.0342288   57.200815   45.601388   37.47697 
   65.333333   0.0358796   0.0957311   0.0340404   57.294399   45.957274   37.824115
   65.666667   0.034829    0.0933918   0.0338337   57.385095   46.307846   38.172735
   66.         0.0338126   0.0910929   0.0336098   57.472977   46.653025   38.523552
   66.333333   0.0328292   0.0888345   0.0333698   57.558118   46.992735   38.876573
   66.666667   0.031878    0.086617    0.0331146   57.64059    47.326907   39.231533
   67.         0.0309579   0.0844405   0.0328452   57.720463   47.655479   39.588072
   67.333333   0.0300681   0.0823052   0.0325625   57.797808   47.978397   39.945807
   67.666667   0.0292076   0.0802111   0.0322674   57.872692   48.295617   40.304356
   68.         0.0283756   0.0781583   0.0319609   57.945184   48.607103   40.663344
   68.333333   0.0275713   0.0761467   0.0316438   58.01535    48.912825   41.02241 
   68.666667   0.0267936   0.0741763   0.0313169   58.083255   49.212763   41.381206
   69.         0.026042    0.072247    0.0309811   58.148963   49.506902   41.739397
   69.333333   0.0253155   0.0703587   0.0306371   58.212536   49.795236   42.096662
   69.666667   0.0246133   0.0685111   0.0302858   58.274036   50.077765   42.452695
   70.         0.0239348   0.0667041   0.0299278   58.333524   50.354497   42.807203
   70.         0.0239348   0.0667041   0.0299278   58.333524   50.354497   42.807203
   70.333333   0.0233384   0.0651344   0.0292615   53.347179   44.1411     56.353311
   70.666667   0.0229056   0.0638629   0.0284333   47.688932   41.987414   58.44588 
   71.         0.0226433   0.0626312   0.0276081   43.319773   43.528531   58.79806 
   71.333333   0.0225049   0.0612991   0.0268079   41.414865   46.01847    58.884976
   71.666667   0.0224015   0.0598805   0.026035    41.637451   47.864708   58.930708
   72.         0.0222667   0.0584272   0.0252891   42.85013    48.932375   58.969158
   72.333333   0.0220845   0.0569761   0.0245693   44.142594   49.535572   59.005453
   72.666667   0.0218656   0.0555447   0.0238747   45.14343    49.929652   59.040394
   73.         0.0216242   0.0541399   0.0232045   45.839428   50.242416   59.074133
   73.333333   0.0213704   0.0527642   0.0225578   46.334433   50.524611   59.106723
   73.666667   0.0211101   0.051418    0.0219339   46.723437   50.793648   59.138203
   74.         0.0208461   0.0501015   0.021332    47.063222   51.05492    59.168609
   74.333333   0.0205797   0.0488144   0.0207513   47.381082   51.309984   59.197975
   74.666667   0.0203119   0.0475566   0.0201911   47.688336   51.55928    59.226334
   75.         0.020043    0.0463277   0.0196507   47.989164   51.802946   59.253719
   75.333333   0.0197734   0.0451277   0.0191295   48.284946   52.04105    59.280161
   75.666667   0.0195036   0.0439561   0.0186267   48.576069   52.273641   59.305691
   76.         0.0192339   0.0428126   0.0181417   48.862597   52.500771   59.330338
   76.333333   0.0189644   0.0416969   0.017674    49.144502   52.722494   59.354132
   76.666667   0.0186957   0.0406088   0.0172228   49.421734   52.938868   59.377101
   77.         0.0184278   0.0395477   0.0167877   49.694244   53.149952   59.399271
   77.333333   0.0181612   0.0385134   0.0163681   49.961989   53.355812   59.42067 
   77.666667   0.0178959   0.0375054   0.0159634   50.224931   53.556515   59.441322
   78.         0.0176323   0.0365234   0.0155732   50.483043   53.75213    59.461254
   78.333333   0.0173706   0.0355669   0.0151969   50.736303   53.942731   59.480488
   78.666667   0.0171109   0.0346356   0.014834    50.984696   54.128393   59.499049
   79.         0.0168535   0.033729    0.0144841   51.228216   54.309191   59.516959
   79.333333   0.0165985   0.0328467   0.0141466   51.46686    54.485206   59.53424 
   79.666667   0.016346    0.0319882   0.0138213   51.700634   54.656516   59.550913
   80.         0.0160963   0.0311531   0.0135076   51.929548   54.823206   59.566999
   80.         0.0160963   0.0311531   0.0135076   51.929548   54.823206   59.566999
   80.333333   0.0158157   0.0303946   0.0132246   55.916829   51.81109    57.128749
   80.666667   0.0154699   0.0297172   0.0130008   58.316773   51.298993   54.096402
   81.         0.0151114   0.0290414   0.0128387   58.927228   52.758712   51.5205  
   81.333333   0.0147601   0.0283385   0.0127214   59.073824   54.309643   50.268015
   81.666667   0.01442     0.0276229   0.0126191   59.125931   55.242993   50.372421
   82.         0.0140916   0.0269126   0.0125088   59.160062   55.707629   51.183608
   82.333333   0.0137745   0.0262172   0.0123838   59.190267   55.95225    52.063915
   82.666667   0.0134685   0.0255403   0.0122472   59.218981   56.114544   52.733813
   83.         0.0131732   0.0248829   0.0121043   59.246631   56.248739   53.182551
   83.333333   0.0128882   0.0242447   0.0119591   59.273312   56.372511   53.487781
   83.666667   0.0126131   0.0236256   0.0118138   59.299066   56.490971   53.718879
   84.         0.0123476   0.0230249   0.0116693   59.323925   56.605511   53.915947
   84.333333   0.0120915   0.0224424   0.0115262   59.347919   56.716532   54.097529
   84.666667   0.0118443   0.0218774   0.0113847   59.371077   56.82419    54.271029
   85.         0.0116058   0.0213296   0.0112448   59.393427   56.928583   54.439118
   85.333333   0.0113757   0.0207986   0.0111067   59.414997   57.029796   54.602705
   85.666667   0.0111537   0.0202838   0.0109704   59.435812   57.127911   54.762106
   86.         0.0109394   0.0197849   0.010836    59.455898   57.223007   54.917456
   86.333333   0.0107327   0.0193015   0.0107035   59.47528    57.315164   55.068836
   86.666667   0.0105333   0.0188331   0.0105729   59.493982   57.404458   55.216315
   87.         0.010341    0.0183792   0.0104444   59.512026   57.490966   55.359959
   87.333333   0.0101554   0.0179397   0.0103179   59.529436   57.574764   55.499834
   87.666667   0.0099763   0.0175139   0.0101934   59.546233   57.655924   55.636007
   88.         0.0098036   0.0171016   0.010071    59.562439   57.73452    55.768546
   88.333333   0.009637    0.0167023   0.0099507   59.578072   57.810623   55.897518
   88.666667   0.0094763   0.0163157   0.0098325   59.593154   57.884303   56.022993
   89.         0.0093213   0.0159415   0.0097164   59.607702   57.955627   56.14504 
   89.333333   0.0091718   0.0155792   0.0096024   59.621736   58.024664   56.263727
   89.666667   0.0090275   0.0152286   0.0094905   59.635274   58.091479   56.379124
   90.         0.0088884   0.0148892   0.0093808   59.648332   58.156136   56.4913  
   90.         0.0088884   0.0148892   0.0093808   59.648332   58.156136   56.4913  
   90.333333   0.0087613   0.0145763   0.0092465   58.551655   56.665114   59.35202 
   90.666667   0.008656    0.0142919   0.0090998   57.220816   56.329569   59.736664
   91.         0.0085717   0.0140134   0.0089563   56.239065   56.928955   59.793891
   91.333333   0.0084993   0.0137325   0.0088176   55.989271   57.567831   59.807636
   91.666667   0.0084286   0.0134526   0.008684    56.281493   57.941425   59.815422
   92.         0.0083546   0.0131779   0.0085551   56.712922   58.125835   59.822207
   92.333333   0.0082775   0.0129107   0.0084309   57.057262   58.22642    59.828653
   92.666667   0.0081991   0.0126517   0.0083112   57.281609   58.297045   59.834855
   93.         0.008121    0.0124009   0.0081958   57.426023   58.357552   59.840832
   93.333333   0.0080439   0.0121582   0.0080846   57.53021    58.414034   59.846594
   93.666667   0.0079683   0.0119232   0.0079775   57.616705   58.468174   59.852149
   94.         0.0078942   0.0116958   0.0078742   57.695435   58.520426   59.857504
   94.333333   0.0078217   0.0114758   0.0077746   57.770139   58.570934   59.862665
   94.666667   0.0077508   0.0112629   0.0076787   57.842096   58.619773   59.867641
   95.         0.0076814   0.0110569   0.0075862   57.911734   58.666996   59.872437
   95.333333   0.0076136   0.0108577   0.0074971   57.979213   58.712654   59.877061
   95.666667   0.0075474   0.0106649   0.0074112   58.044619   58.756796   59.881517
   96.         0.0074826   0.0104785   0.0073284   58.108014   58.799469   59.885813
   96.333333   0.0074194   0.0102982   0.0072487   58.169454   58.840719   59.889953
   96.666667   0.0073576   0.0101237   0.0071718   58.228995   58.880591   59.893944
   97.         0.0072972   0.0099551   0.0070977   58.286688   58.919127   59.897791
   97.333333   0.0072383   0.009792    0.0070263   58.342586   58.956371   59.901499
   97.666667   0.0071808   0.0096342   0.0069575   58.396739   58.992364   59.905073
   98.         0.0071247   0.0094817   0.0068911   58.449197   59.027145   59.908517
   98.333333   0.0070699   0.0093343   0.0068272   58.500008   59.060752   59.911837
   98.666667   0.0070165   0.0091917   0.0067656   58.54922    59.093225   59.915037
   99.         0.0069644   0.0090539   0.0067063   58.596878   59.1246     59.918121
   99.333333   0.0069136   0.0089206   0.0066491   58.643028   59.154911   59.921094
   99.666667   0.006864    0.0087918   0.006594    58.687715   59.184194   59.923958
   100.        0.0068157   0.0086673   0.0065408   58.73098    59.212482   59.92672 
   100.        0.0068157   0.0086673   0.0065408   58.73098    59.212482   59.92672 
   100.33333   0.0067655   0.008551    0.0064919   59.368784   58.700457   59.519096
   100.66667   0.00671     0.0084429   0.0064503   59.74342    58.636544   59.008833
   101.        0.0066541   0.008337    0.0064161   59.833879   58.908626   58.580267
   101.33333   0.0065997   0.008231    0.0063869   59.854992   59.166378   58.401054
   101.66667   0.0065471   0.0081263   0.0063593   59.86277    59.308472   58.464433
   102.        0.0064964   0.0080241   0.0063312   59.868121   59.375261   58.632729
   102.33333   0.0064475   0.007925    0.006302    59.872935   59.410345   58.791126
   102.66667   0.0064004   0.0078291   0.0062723   59.877523   59.434539   58.902035
   103.        0.0063549   0.0077365   0.0062425   59.881938   59.455164   58.973202
   103.33333   0.0063111   0.007647    0.0062132   59.886193   59.474384   59.021603
   103.66667   0.0062688   0.0075606   0.0061844   59.890295   59.49278    59.0592  
   104.        0.0062281   0.0074771   0.0061562   59.89425    59.510506   59.092011
   104.33333   0.0061888   0.0073964   0.0061288   59.898063   59.527612   59.122533
   104.66667   0.0061509   0.0073185   0.0061019   59.901739   59.544126   59.151685
   105.        0.0061144   0.0072432   0.0060757   59.905282   59.560069   59.179783
   105.33333   0.0060792   0.0071705   0.0060501   59.908698   59.57546    59.206943
   105.66667   0.0060452   0.0071003   0.0060252   59.911991   59.590318   59.233215
   106.        0.0060125   0.0070324   0.0060008   59.915166   59.604661   59.258634
   106.33333   0.0059809   0.0069669   0.0059771   59.918226   59.618507   59.283227
   106.66667   0.0059505   0.0069036   0.0059539   59.921176   59.631872   59.307021
   107.        0.0059212   0.0068425   0.0059313   59.924021   59.644773   59.330041
   107.33333   0.0058929   0.0067835   0.0059093   59.926762   59.657226   59.35231 
   107.66667   0.0058656   0.0067265   0.0058878   59.929405   59.669246   59.373853
   108.        0.0058393   0.0066715   0.0058669   59.931953   59.680848   59.394692
   108.33333   0.0058139   0.0066183   0.0058465   59.934409   59.692046   59.41485 
   108.66667   0.0057895   0.006567    0.0058266   59.936776   59.702854   59.434348
   109.        0.0057659   0.0065174   0.0058073   59.939059   59.713286   59.453207
   109.33333   0.0057432   0.0064695   0.0057884   59.941259   59.723354   59.471447
   109.66667   0.0057213   0.0064233   0.00577     59.943379   59.733071   59.489088
   110.        0.0057001   0.0063787   0.0057521   59.945424   59.742448   59.506149